3276
979
408
596
1400
3548
788
1708
1468
2508
575
3663
1500
129
1112
2208
1977
1172
2112
1072
753
788
172
1272
1836
1172
1144
4872
672
1402
780
1466
464
1140
3780
936
1316
792
3210
1221
4288
1890
1134
2398
1626
760
877
192
4928
3013
414
1138
228
2193
987
2043
408
1078
884
4464
3536
1348
2064
302
1215
442
1233
1072
148
1932
1468
2136
240
1353
1824
1845
708
1648
267
604
1104
2061
2328
976
1780
2172
1403
3600
912
3930
3287
1170
5307
1144
2982
2405
1400
282
540
4642
1458
927
3351
3098
777
2208
190
3092
2484
994
1542
564
4038
948
1173
1767
2220
1270
4806
2121
1163
1023
3841
2153
1896
1275
1896
766
2193
1557
1566
632
1773
739
3977
1352
1140
1557
189
228
2678
2154
4004
1920
4908
1672
2280
2100
1968
3900
504
594
106
2406
1954
2988
1674
1217
3154
1428
777
484
384
1356
1780
2196
2074
1137
2262
3057
856
1947
1551
1413
3756
1873
1164
1776
1452
1272
2364
4727
3732
242
228
646
438
512
1725
3156
470
1762
2181
3594
2332
884
1297
1168
405
3062
3196
1628
1275
1149
3231
4446
267
1603
1960
2481
2163
1804
1248
1547
504
292
1483
3240
1662
1812
4772
384
1184
1013
1836
477
663
1570
324
984
2153
1812
1492
628
2262
2876
229
3874
2468
1275
2056
820
3556
1128
2635
2326
1317
1056
288
1418
2042
474
1059
1668
4362
1126
966
2003
1566
1594
162
1096
3117
1176
330
4902
2948
708
768
492
868
756
1057
810
4386
735
736
886
834
891
198
1233
3573
2520
212
2400
3120
5136
3168
1004
1680
2827
2784
2769
1870
828
772
2673
1252
1138
888
2732
1094
3000
435
168
394
528
1337
4062
3199
252
1847
1240
4320
3332
836
1761
768
354
864
1936
294
645
4224
4463
1444
1014
662
309
1650
3174
1061
2282
1564
2634
297
879
87
244
498
599
2574
2586
888
1263
1932
1399
1947
644
3222
82
2466
1176
1752
420
1378
525
1092
2496
2889
275
229
368
1149
740
2104
156
932
1479
2427
1033
1620
2382
1823
1864
2977
275
921
1900
1727
624
333
917
723
1520
639
1077
838
1446
571
3630
2518
2190
450
1212
1990
468
1339
1207
4596
1932
2985
855
1012
792
1935
1320
998
1344
1088
3648
448
1878
1758
1173
2451
1233
2064
1368
628
4476
1383
1284
1168
4605
1872
1050
452
3000
888
816
320
646
1752
1639
680
2907
1176
368
636
1372
351
3977
1560
1287
1107
2812
2886
548
684
1344
1284
312
2724
2832
891
1148
1312
4602
272
2337
5074
274
2895
3186
855
788
1548
1772
1792
2732
932
2288
2058
3234
2112
404
2388
1904
1528
1176
2900
2818
148
1024
1390
1409
852
508
272
1340
656
843
324
915
1328
2242
757
1056
1221
2082
3013
1403
1352
3093
272
132
442
1651
3423
2064
2298
1540
1500
2700
918
2160
1468
680
492
813
708
771
1780
912
866
576
618
480
968
324
3562
2613
1862
282
2334
415
705
2790
1379
400
1272
1908
2908
2420
758
1509
204
1332
592
2370
1488
1870
3984
960
1788
608
2112
2916
592
1686
3450
347
1620
1720
1836
438
135
2381
1395
3154
1225
1327
1362
888
264
108
1110
1478
2388
308
2526
3483
1431
1278
1461
770
2458
71
925
2889
1332
3264
2334
2898
835
120
602
162
3000
3018
1496
3136
812
270
672
2492
987
1275
1982
5184
576
324
1187
1666
477
2017
2860
2112
3543
612
1377
111
900
3280
2888
772
856
891
2327
1032
2208
816
1092
1870
226
363
2340
382
1516
960
871
1236
1239
1220
196
2533
2328
2804
402
1536
1803
884
1668
1404
1068
2580
938
2608
1838
2496
1180
2685
744
978
1328
1074
276
2980
318
2841
1824
4125
2522
231
420
1730
2061
1256
252
1998
1064
121
1262
1068
2094
384
558
1062
2799
1998
3373
438
3172
1040
1112
3120
465
338
1528
1578
3199
2252
888
897
1752
332
1459
1091
856
857
853
1708
1566
840
208
1304
852
1916
2224
1235
1796
714
744
3384
340
3844
231
1600
900
3600
1912
3768
327
2421
984
2528
352
924
3702
918
1548
441
1008
2544
1860
330
408
944
172
480
957
1803
684
1584
3200
628
438
120
802
610
1404
172
1696
2604
1508
2405
325
181
1633
1224
772
1548
3690
1708
62
3790
3120
5136
900
1845
1559
2895
4000
2164
1110
1824
1554
829
510
231
3600
624
4581
1179
1040
900
2164
598
1332
1998
2292
1236
2913
776
1252
972
3234
1593
459
1204
1322
1035
2800
1476
1332
491
2112
1678
1764
663
430
1068
5004
3136
260
1446
571
4596
2364
900
1206
2487
820
2889
2580
1823
1638
30
735
1506
1256
1163
156
1166
2248
888
3874
2512
816
1712
1564
918
1444
2914
1681
978
776
1446
1488
2841
896
798
1168
2075
628
1380
1100
2608
1905
882
3516
747
942
4248
252
2540
1683
1692
1450
1768
2065
1836
810
1728
2904
690
5452
1676
2902
2859
1258
315
3108
643
49
1038
1887
3552
2136
900
1068
1964
872
494
522
1408
708
1196
1282
1274
1659
453
813
3979
1946
2488
488
204
2084
768
2769
3384
1953
756
3278
1240
2409
380
919
3857
4363
744
448
1602
2952
1786
1298
2186
1940
2427
1691
651
1708
3268
3053
1680
582
664
2220
924
998
1695
870
768
2802
386
1248
827
1008
2116
158
453
116
1742
492
1772
1608
690
1134
3480
508
2661
1796
1166
1575
326
3162
1244
684
792
1038
1685
970
1410
756
2256
322
4437
585
1392
913
540
2472
468
2867
238
269
564
